atlas 1024 1028 25
smile37 :-B 31 22 0 23 0,1006 31,1006 62,1006 93,1006 124,1006 155,1006 186,1006 217,1006 248,1006 279,1006 310,1006 341,1006 372,1006 403,1006 434,1006 465,1006 496,1006 527,1006 558,1006 589,1006 620,1006 651,1006 682,1006
smile38 :-J 25 24 23 24 713,1004 738,1004 763,1004 788,1004 813,1004 838,1004 863,1004 888,1004 913,1004 938,1004 963,1004 988,1004 0,980 25,980 50,980 75,980 100,980 125,980 150,980 175,980 200,980 225,980 250,980 275,980
smile39 :-P 23 27 47 27 300,977 323,977 346,977 369,977 392,977 415,977 438,977 461,977 484,977 507,977 530,977 553,977 576,977 599,977 622,977 645,977 668,977 691,977 714,977 737,977 760,977 783,977 806,977 829,977 852,977 875,977 898,977
smile40 :-M 25 27 74 26 921,977 946,977 971,977 996,977 0,950 25,950 50,950 75,950 100,950 125,950 150,950 175,950 200,950 225,950 250,950 275,950 300,950 325,950 350,950 375,950 400,950 425,950 450,950 475,950 500,950 525,950
smile41 :-R 22 21 100 27 550,956 572,956 594,956 616,956 638,956 660,956 682,956 704,956 726,956 748,956 770,956 792,956 814,956 836,956 858,956 880,956 902,956 924,956 946,956 968,956 990,956 0,929 22,929 44,929 66,929 88,929 110,929
smile42 :-S 22 30 127 23 132,920 154,920 176,920 198,920 220,920 242,920 264,920 286,920 308,920 330,920 352,920 374,920 396,920 418,920 440,920 462,920 484,920 506,920 528,920 550,920 572,920 594,920 616,920
smile43 B-] 21 20 150 27 638,930 659,930 680,930 701,930 722,930 743,930 764,930 785,930 806,930 827,930 848,930 869,930 890,930 911,930 932,930 953,930 974,930 995,930 0,900 21,900 42,900 63,900 84,900 105,900 126,900 147,900 168,900
smile44 :-U 34 30 177 40 189,890 223,890 257,890 291,890 325,890 359,890 393,890 427,890 461,890 495,890 529,890 563,890 597,890 631,890 665,890 699,890 733,890 767,890 801,890 835,890 869,890 903,890 937,890 971,890 0,860 34,860 68,860 102,860 136,860 170,860 204,860 238,860 272,860 306,860 340,860 374,860 408,860 442,860 476,860 510,860
smile45 }_{ 40 29 217 26 544,861 584,861 624,861 664,861 704,861 744,861 784,861 824,861 864,861 904,861 944,861 984,861 0,831 40,831 80,831 120,831 160,831 200,831 240,831 280,831 320,831 360,831 400,831 440,831 480,831 520,831
smile46 A_A 27 25 243 33 560,835 587,835 614,835 641,835 668,835 695,835 722,835 749,835 776,835 803,835 830,835 857,835 884,835 911,835 938,835 965,835 992,835 0,806 27,806 54,806 81,806 108,806 135,806 162,806 189,806 216,806 243,806 270,806 297,806 324,806 351,806 378,806 405,806
smile47 :-L 31 21 276 30 432,810 463,810 494,810 525,810 556,810 587,810 618,810 649,810 680,810 711,810 742,810 773,810 804,810 835,810 866,810 897,810 928,810 959,810 990,810 0,785 31,785 62,785 93,785 124,785 155,785 186,785 217,785 248,785 279,785 310,785
smile48 :-O 20 20 306 28 341,786 361,786 381,786 401,786 421,786 441,786 461,786 481,786 501,786 521,786 541,786 561,786 581,786 601,786 621,786 641,786 661,786 681,786 701,786 721,786 741,786 761,786 781,786 801,786 821,786 841,786 861,786 881,786
smile1 :-0 20 19 334 17 901,787 921,787 941,787 961,787 981,787 1001,787 0,766 20,766 40,766 60,766 80,766 100,766 120,766 140,766 160,766 180,766 200,766
smile2 ;-( 20 19 351 24 220,766 240,766 260,766 280,766 300,766 320,766 340,766 360,766 380,766 400,766 420,766 440,766 460,766 480,766 500,766 520,766 540,766 560,766 580,766 600,766 620,766 640,766 660,766 680,766
smile3 :-/ 20 19 375 25 700,766 720,766 740,766 760,766 780,766 800,766 820,766 840,766 860,766 880,766 900,766 920,766 940,766 960,766 980,766 1000,766 0,747 20,747 40,747 60,747 80,747 100,747 120,747 140,747 160,747
smile4 :-) 20 19 400 25 180,747 200,747 220,747 240,747 260,747 280,747 300,747 320,747 340,747 360,747 380,747 400,747 420,747 440,747 460,747 480,747 500,747 520,747 540,747 560,747 580,747 600,747 620,747 640,747 660,747
smile5 ):( 20 19 425 25 680,747 700,747 720,747 740,747 760,747 780,747 800,747 820,747 840,747 860,747 880,747 900,747 920,747 940,747 960,747 980,747 1000,747 0,728 20,728 40,728 60,728 80,728 100,728 120,728 140,728
smile6 ;-) 20 19 450 25 160,728 180,728 200,728 220,728 240,728 260,728 280,728 300,728 320,728 340,728 360,728 380,728 400,728 420,728 440,728 460,728 480,728 500,728 520,728 540,728 560,728 580,728 600,728 620,728 640,728
smile7 :-p 20 19 475 30 660,728 680,728 700,728 720,728 740,728 760,728 780,728 800,728 820,728 840,728 860,728 880,728 900,728 920,728 940,728 960,728 980,728 1000,728 0,709 20,709 40,709 60,709 80,709 100,709 120,709 140,709 160,709 180,709 200,709 220,709
smile8 :-8 20 19 505 25 240,709 260,709 280,709 300,709 320,709 340,709 360,709 380,709 400,709 420,709 440,709 460,709 480,709 500,709 520,709 540,709 560,709 580,709 600,709 620,709 640,709 660,709 680,709 700,709 720,709
smile9 :-( 20 19 530 25 740,709 760,709 780,709 800,709 820,709 840,709 860,709 880,709 900,709 920,709 940,709 960,709 980,709 1000,709 0,690 20,690 40,690 60,690 80,690 100,690 120,690 140,690 160,690 180,690 200,690
smile10 :-] 20 20 555 72 220,689 240,689 260,689 280,689 300,689 320,689 340,689 360,689 380,689 400,689 420,689 440,689 460,689 480,689 500,689 520,689 540,689 560,689 580,689 600,689 620,689 640,689 660,689 680,689 700,689 720,689 740,689 760,689 780,689 800,689 820,689 840,689 860,689 880,689 900,689 920,689 940,689 960,689 980,689 1000,689 0,669 20,669 40,669 60,669 80,669 100,669 120,669 140,669 160,669 180,669 200,669 220,669 240,669 260,669 280,669 300,669 320,669 340,669 360,669 380,669 400,669 420,669 440,669 460,669 480,669 500,669 520,669 540,669 560,669 580,669 600,669 620,669
smile11 :D 20 21 627 5 640,668 660,668 680,668 700,668 720,668
smile12 %) 20 19 632 55 740,670 760,670 780,670 800,670 820,670 840,670 860,670 880,670 900,670 920,670 940,670 960,670 980,670 1000,670 0,649 20,649 40,649 60,649 80,649 100,649 120,649 140,649 160,649 180,649 200,649 220,649 240,649 260,649 280,649 300,649 320,649 340,649 360,649 380,649 400,649 420,649 440,649 460,649 480,649 500,649 520,649 540,649 560,649 580,649 600,649 620,649 640,649 660,649 680,649 700,649 720,649 740,649 760,649 780,649 800,649
smile13 =) 20 19 687 79 820,649 840,649 860,649 880,649 900,649 920,649 940,649 960,649 980,649 1000,649 0,630 20,630 40,630 60,630 80,630 100,630 120,630 140,630 160,630 180,630 200,630 220,630 240,630 260,630 280,630 300,630 320,630 340,630 360,630 380,630 400,630 420,630 440,630 460,630 480,630 500,630 520,630 540,630 560,630 580,630 600,630 620,630 640,630 660,630 680,630 700,630 720,630 740,630 760,630 780,630 800,630 820,630 840,630 860,630 880,630 900,630 920,630 940,630 960,630 980,630 1000,630 0,611 20,611 40,611 60,611 80,611 100,611 120,611 140,611 160,611 180,611 200,611 220,611 240,611 260,611 280,611 300,611 320,611 340,611
smile14 }:) 20 25 766 5 360,605 380,605 400,605 420,605 440,605
smile15 :-{ 20 19 771 25 460,611 480,611 500,611 520,611 540,611 560,611 580,611 600,611 620,611 640,611 660,611 680,611 700,611 720,611 740,611 760,611 780,611 800,611 820,611 840,611 860,611 880,611 900,611 920,611 940,611
smile16 ":) 22 24 796 25 960,606 982,606 0,581 22,581 44,581 66,581 88,581 110,581 132,581 154,581 176,581 198,581 220,581 242,581 264,581 286,581 308,581 330,581 352,581 374,581 396,581 418,581 440,581 462,581 484,581
smile17 Q) 21 21 821 25 506,584 527,584 548,584 569,584 590,584 611,584 632,584 653,584 674,584 695,584 716,584 737,584 758,584 779,584 800,584 821,584 842,584 863,584 884,584 905,584 926,584 947,584 968,584 989,584 0,560
smile18 ;0 20 19 846 25 21,562 41,562 61,562 81,562 101,562 121,562 141,562 161,562 181,562 201,562 221,562 241,562 261,562 281,562 301,562 321,562 341,562 361,562 381,562 401,562 421,562 441,562 461,562 481,562 501,562
smile19 8-) 20 20 871 25 521,561 541,561 561,561 581,561 601,561 621,561 641,561 661,561 681,561 701,561 721,561 741,561 761,561 781,561 801,561 821,561 841,561 861,561 881,561 901,561 921,561 941,561 961,561 981,561 1001,561
smile20 %} 20 19 896 13 0,541 20,541 40,541 60,541 80,541 100,541 120,541 140,541 160,541 180,541 200,541 220,541 240,541
smile21 :-! 20 22 909 81 260,538 280,538 300,538 320,538 340,538 360,538 380,538 400,538 420,538 440,538 460,538 480,538 500,538 520,538 540,538 560,538 580,538 600,538 620,538 640,538 660,538 680,538 700,538 720,538 740,538 760,538 780,538 800,538 820,538 840,538 860,538 880,538 900,538 920,538 940,538 960,538 980,538 1000,538 0,516 20,516 40,516 60,516 80,516 100,516 120,516 140,516 160,516 180,516 200,516 220,516 240,516 260,516 280,516 300,516 320,516 340,516 360,516 380,516 400,516 420,516 440,516 460,516 480,516 500,516 520,516 540,516 560,516 580,516 600,516 620,516 640,516 660,516 680,516 700,516 720,516 740,516 760,516 780,516 800,516 820,516 840,516
smile22 :-} 25 22 990 11 860,516 885,516 910,516 935,516 960,516 985,516 0,494 25,494 50,494 75,494 100,494
smile23 :-[ 20 19 1001 41 125,497 145,497 165,497 185,497 205,497 225,497 245,497 265,497 285,497 305,497 325,497 345,497 365,497 385,497 405,497 425,497 445,497 465,497 485,497 505,497 525,497 545,497 565,497 585,497 605,497 625,497 645,497 665,497 685,497 705,497 725,497 745,497 765,497 785,497 805,497 825,497 845,497 865,497 885,497 905,497 925,497
smile24 |-) 20 21 1042 60 945,495 965,495 985,495 0,473 20,473 40,473 60,473 80,473 100,473 120,473 140,473 160,473 180,473 200,473 220,473 240,473 260,473 280,473 300,473 320,473 340,473 360,473 380,473 400,473 420,473 440,473 460,473 480,473 500,473 520,473 540,473 560,473 580,473 600,473 620,473 640,473 660,473 680,473 700,473 720,473 740,473 760,473 780,473 800,473 820,473 840,473 860,473 880,473 900,473 920,473 940,473 960,473 980,473 1000,473 0,452 20,452 40,452 60,452 80,452 100,452
smile25 :o) 23 21 1102 25 120,452 143,452 166,452 189,452 212,452 235,452 258,452 281,452 304,452 327,452 350,452 373,452 396,452 419,452 442,452 465,452 488,452 511,452 534,452 557,452 580,452 603,452 626,452 649,452 672,452
smile26 }%*{ 33 26 1127 55 695,447 728,447 761,447 794,447 827,447 860,447 893,447 926,447 959,447 0,421 33,421 66,421 99,421 132,421 165,421 198,421 231,421 264,421 297,421 330,421 363,421 396,421 429,421 462,421 495,421 528,421 561,421 594,421 627,421 660,421 693,421 726,421 759,421 792,421 825,421 858,421 891,421 924,421 957,421 990,421 0,395 33,395 66,395 99,395 132,395 165,395 198,395 231,395 264,395 297,395 330,395 363,395 396,395 429,395 462,395
smile27 (B-)) 34 34 1182 95 495,387 529,387 563,387 597,387 631,387 665,387 699,387 733,387 767,387 801,387 835,387 869,387 903,387 937,387 971,387 0,353 34,353 68,353 102,353 136,353 170,353 204,353 238,353 272,353 306,353 340,353 374,353 408,353 442,353 476,353 510,353 544,353 578,353 612,353 646,353 680,353 714,353 748,353 782,353 816,353 850,353 884,353 918,353 952,353 986,353 0,319 34,319 68,319 102,319 136,319 170,319 204,319 238,319 272,319 306,319 340,319 374,319 408,319 442,319 476,319 510,319 544,319 578,319 612,319 646,319 680,319 714,319 748,319 782,319 816,319 850,319 884,319 918,319 952,319 986,319 0,285 34,285 68,285 102,285 136,285 170,285 204,285 238,285 272,285 306,285 340,285 374,285 408,285 442,285 476,285 510,285 544,285 578,285 612,285 646,285
smile28 }%{ 28 30 1277 55 680,289 708,289 736,289 764,289 792,289 820,289 848,289 876,289 904,289 932,289 960,289 988,289 0,255 28,255 56,255 84,255 112,255 140,255 168,255 196,255 224,255 252,255 280,255 308,255 336,255 364,255 392,255 420,255 448,255 476,255 504,255 532,255 560,255 588,255 616,255 644,255 672,255 700,255 728,255 756,255 784,255 812,255 840,255 868,255 896,255 924,255 952,255 980,255 0,225 28,225 56,225 84,225 112,225 140,225 168,225
smile29 ))@(( 42 34 1332 11 196,221 238,221 280,221 322,221 364,221 406,221 448,221 490,221 532,221 574,221 616,221
smile30 8-o 25 22 1343 76 658,233 683,233 708,233 733,233 758,233 783,233 808,233 833,233 858,233 883,233 908,233 933,233 958,233 983,233 0,199 25,199 50,199 75,199 100,199 125,199 150,199 175,199 200,199 225,199 250,199 275,199 300,199 325,199 350,199 375,199 400,199 425,199 450,199 475,199 500,199 525,199 550,199 575,199 600,199 625,199 650,199 675,199 700,199 725,199 750,199 775,199 800,199 825,199 850,199 875,199 900,199 925,199 950,199 975,199 0,177 25,177 50,177 75,177 100,177 125,177 150,177 175,177 200,177 225,177 250,177 275,177 300,177 325,177 350,177 375,177 400,177 425,177 450,177 475,177 500,177 525,177
smile31 *""0 26 21 1419 25 550,178 576,178 602,178 628,178 654,178 680,178 706,178 732,178 758,178 784,178 810,178 836,178 862,178 888,178 914,178 940,178 966,178 992,178 0,156 26,156 52,156 78,156 104,156 130,156 156,156
smile32 ||_}:( 32 28 1444 13 182,149 214,149 246,149 278,149 310,149 342,149 374,149 406,149 438,149 470,149 502,149 534,149 566,149
smile33 |:)v 28 20 1457 21 598,157 626,157 654,157 682,157 710,157 738,157 766,157 794,157 822,157 850,157 878,157 906,157 934,157 962,157 990,157 0,129 28,129 56,129 84,129 112,129 140,129
smile34 @(- 28 24 1478 70 168,125 196,125 224,125 252,125 280,125 308,125 336,125 364,125 392,125 420,125 448,125 476,125 504,125 532,125 560,125 588,125 616,125 644,125 672,125 700,125 728,125 756,125 784,125 812,125 840,125 868,125 896,125 924,125 952,125 980,125 0,101 28,101 56,101 84,101 112,101 140,101 168,101 196,101 224,101 252,101 280,101 308,101 336,101 364,101 392,101 420,101 448,101 476,101 504,101 532,101 560,101 588,101 616,101 644,101 672,101 700,101 728,101 756,101 784,101 812,101 840,101 868,101 896,101 924,101 952,101 980,101 0,77 28,77 56,77 84,77
smile35 ||-Z 28 35 1548 40 112,66 140,66 168,66 196,66 224,66 252,66 280,66 308,66 336,66 364,66 392,66 420,66 448,66 476,66 504,66 532,66 560,66 588,66 616,66 644,66 672,66 700,66 728,66 756,66 784,66 812,66 840,66 868,66 896,66 924,66 952,66 980,66 0,31 28,31 56,31 84,31 112,31 140,31 168,31 196,31
smile36 )X( 29 31 1588 52 224,35 253,35 282,35 311,35 340,35 369,35 398,35 427,35 456,35 485,35 514,35 543,35 572,35 601,35 630,35 659,35 688,35 717,35 746,35 775,35 804,35 833,35 862,35 891,35 920,35 949,35 978,35 0,0 29,0 58,0 87,0 116,0 145,0 174,0 203,0 232,0 261,0 290,0 319,0 348,0 377,0 406,0 435,0 464,0 493,0 522,0 551,0 580,0 609,0 638,0 667,0 696,0
